NH3 17.031 405.6 111.3 72.5 0.242 0.25 -45.96 192.66 1.605 1.400e-3 1.0033e-6 -0.6926e-9
N2 28.013 126.2 33.5 89.5 0.29 0.04 0 191.5 1.113 -04846e-3 0.9573e-6 -0.4173e-9
NO2 46.006 431.4 100 170 0.48 0.86 34.19 240.06 0.527 1.052e-3 -0.4526e-6 0.06375e-9
SO2 64.063 430.8 77.8 122 0.268 0.251 -296.9 248.07 0.3726 1.046e-3 -0.775e-6 0.20746e-9
O2 31.999 154.6 49.8 73.4 0.288 0.021 0 205.4 0.879 -0.1151e-3 0.546e-6 -0.3331e-9
CF2CLH 86.469 369.2 49.1 165 0.267 0.215 -479.12 280.84 0.2002 1.873e-3 -1.116e-6 0.354e-9
CF2CL2 120.914 385 40.7 217 0.28 0.176 -477.44 300.79 0.2615 1.475e-3 -1.248e-6 0.359e-9
CH4 16.063 190.6 45.4 99 0.288 0.008 -74.85 186.27 1.201 3.2516e-3 0.747e-6 -0.706e-9
C2H6 30.07 305.4 48.2 148 0.285 0.098 -84.67 229.49 0.18003 5.928e-3 -2.309e-6 0.2899e-9
C3H8 44.97 369.8 41.9 203 0.281 0.152 -103.85 269.91 -0.09587 6.951e-3 -3.6002e-6 0.7295e-9


 
